0 125 0 0 0 0 0 0 0 0 0 0 292 0 0 0 0 0 0 0 0 0 0 0 0 0 0 0 0 0 0 0 0 0 
125 0 0 0 0 0 0 0 0 0 0 0 308 0 0 0 0 0 0 0 0 0 0 0 0 0 0 0 0 0 0 0 0 0 
0 0 0 0 0 0 0 0 0 0 0 0 0 0 0 0 0 0 0 0 0 0 295 178 0 0 0 0 0 0 0 0 0 0 
0 0 0 0 0 0 0 0 0 0 0 0 0 0 0 0 0 847 0 356 1078 0 0 0 0 0 1500 384 0 0 0 0 0 0 
0 0 0 0 0 0 0 716 0 1710 1458 1164 736 0 0 527 1146 1000 0 0 0 0 0 0 0 0 0 0 0 0 0 0 0 0 
0 0 0 0 0 0 2668 0 0 0 0 0 0 0 0 0 0 2541 1762 0 0 0 0 0 0 0 0 0 0 0 0 0 0 0 
0 0 0 0 0 2668 0 0 0 0 0 0 0 0 0 0 0 0 1918 2106 0 0 0 0 0 0 0 0 2246 0 0 0 0 0 
0 0 0 0 716 0 0 0 0 0 0 0 0 0 0 0 433 723 0 0 0 0 0 0 0 0 0 0 0 0 0 0 0 0 
0 0 0 0 0 0 0 0 0 0 0 0 0 0 0 0 0 0 0 0 0 0 0 0 0 0 851 623 879 734 473 0 0 0 
0 0 0 0 1710 0 0 0 0 0 256 0 0 0 0 0 0 0 0 0 0 0 0 0 0 0 0 0 0 0 0 0 0 0 
0 0 0 0 1458 0 0 0 0 256 0 294 0 0 0 0 0 0 0 0 0 0 0 0 0 0 0 0 0 0 0 0 0 0 
0 0 0 0 1164 0 0 0 0 0 294 0 964 0 0 0 0 0 0 0 0 0 0 0 0 0 0 0 0 0 0 0 0 0 
292 308 0 0 736 0 0 0 0 0 0 964 0 418 300 218 0 0 0 0 0 0 0 0 0 0 0 0 0 0 0 0 0 0 
0 0 0 0 0 0 0 0 0 0 0 0 418 0 495 437 0 478 0 0 569 622 0 0 0 0 0 0 0 0 0 0 0 0 
0 0 0 0 0 0 0 0 0 0 0 0 300 495 0 0 0 0 0 0 0 660 663 0 0 0 0 0 0 0 0 0 0 0 
0 0 0 0 527 0 0 0 0 0 0 0 218 437 0 0 0 602 0 0 0 0 0 0 0 0 0 0 0 0 0 0 0 0 
0 0 0 0 1146 1928 0 433 0 0 0 0 0 0 0 0 0 624 216 1058 0 0 0 0 0 0 0 0 0 0 0 0 0 0 
0 0 0 847 1000 0 0 723 0 0 0 0 0 478 0 602 624 0 0 798 813 0 0 0 0 0 0 0 0 0 0 0 0 0 
0 0 0 0 0 1762 1918 0 0 0 0 0 0 0 0 0 0 858 0 1076 0 0 0 0 0 0 0 0 0 0 0 0 0 0 
0 0 0 356 0 0 2106 0 0 0 0 0 0 0 0 0 1058 798 1076 0 0 0 0 0 0 0 0 736 917 0 0 0 0 0 
0 0 0 1078 0 0 0 0 0 0 0 0 0 569 0 0 0 813 0 0 0 457 0 0 0 434 361 0 0 0 0 0 0 0 
0 0 0 0 0 0 0 0 0 0 0 0 0 622 660 0 0 0 0 0 457 0 173 419 0 509 0 0 0 0 0 0 0 0 
0 0 295 0 0 0 0 0 0 0 0 0 0 0 663 0 0 0 0 0 0 173 0 278 0 0 0 0 0 0 0 0 0 0 
0 0 178 0 0 0 0 0 0 0 0 0 0 0 0 0 0 0 0 0 0 419 278 0 688 562 0 0 0 0 0 0 0 592 
0 0 0 0 0 0 0 0 0 0 0 0 0 0 0 0 0 0 0 0 0 0 0 688 0 582 0 0 0 901 0 0 0 250 
0 0 0 0 0 0 0 0 0 0 0 0 0 0 0 0 0 0 0 0 434 509 0 562 582 0 453 0 0 835 0 0 0 0 
0 0 0 1500 0 0 0 0 851 0 0 0 0 0 0 0 0 0 0 0 361 0 0 0 0 453 0 1105 0 734 0 0 0 0 
0 0 0 384 0 0 0 0 623 0 0 0 0 0 0 0 0 0 0 736 0 0 0 0 0 1242 0 0 588 0 0 0 0 0 
0 0 0 0 0 0 2246 0 879 0 0 0 0 0 0 0 0 0 0 917 0 0 0 0 0 0 0 588 0 0 0 0 0 0 
0 0 0 0 0 0 0 0 734 0 0 0 0 0 0 0 0 0 0 0 0 0 0 0 901 835 734 0 0 0 601 132 108 866 
0 0 0 0 0 0 0 0 473 0 0 0 0 0 0 0 0 0 0 0 0 0 0 0 0 0 0 0 0 601 0 0 0 1252 
0 0 0 0 0 0 0 0 0 0 0 0 0 0 0 0 0 0 0 0 0 0 0 0 0 0 0 0 0 132 0 0 62 808 
0 0 0 0 0 0 0 0 0 0 0 0 0 0 0 0 0 0 0 0 0 0 0 0 0 0 0 0 0 108 0 62 0 871 
0 0 0 0 0 0 0 0 0 0 0 0 0 0 0 0 0 0 0 0 0 0 0 592 250 0 0 0 0 866 1252 808 871 0 